OGS	sub_rate	Avg_record	align_len	No_seq	recovery	meanGC
EOG706BF5	0.284188034188	271.811320755	468	53	high	40.8232297007386
EOG7096P7	0.168367346939	333.777777778	588	9	low	36.5297715386679
EOG7096PV	0.212454212454	244.811320755	546	53	high	32.840918760487
EOG70D2WK	0.248205128205	496.78	975	50	high	41.144146673001
EOG70D2X1	0.292517006803	212.788461538	294	52	high	38.1349223579525
EOG70GZ4H	0.239401496259	418.041666667	802	48	high	39.7860684831018
EOG70GZ4T	0.222551928783	447.256410256	674	39	medium	42.7466692180618
EOG70GZ5P	0.169369369369	284.866666667	555	45	high	33.104869828665
EOG70KTDP	0.357142857143	370.540540541	588	37	medium	38.5122292512411
EOG70SJV4	0.283536585366	433	656	52	high	41.4112223191623
EOG70WF3D	0.285322359396	416.238095238	729	42	high	38.1085208709648
EOG7109BR	0.233657858136	498.622641509	719	53	high	36.6803502728178
EOG7135JR	0.241134751773	234.875	423	48	high	41.9990978574275
EOG7135K5	0.258234519104	500.811320755	759	53	high	44.2874319058226
EOG7161T6	0.296	444.169811321	625	53	high	42.1137347308029
EOG7161TN	0.220657276995	290.055555556	426	36	medium	39.6806294555587
EOG718X27	0.304964539007	985.92	1410	50	high	48.7689038789188
EOG71GNHH	0.254166666667	498.325	720	40	medium	37.2401295196039
EOG71GNHT	0.329073482428	645.085106383	939	47	high	44.6827046601597
EOG71KHS1	0.273127753304	429.6875	681	48	high	38.3874288574154
EOG71KHS5	0.311949685535	513.692307692	795	52	high	41.7098454888273
EOG71KHSJ	0.3125	316.408163265	480	49	high	40.0229741728559
EOG71PD0D	0.324534161491	305.060606061	644	33	medium	42.8472469401108
EOG71S878	0.266719745223	980.37254902	1256	51	high	37.5116440261057
EOG71W4GP	0.32252559727	300.229166667	586	48	high	37.6630994192182
EOG7200Q8	0.283428571429	547.282608696	875	46	high	48.0605333816896
EOG7200QX	0.202979515829	255.346153846	537	52	high	40.0884803247705
EOG7200R3	0.375683060109	454.85106383	732	47	high	38.111119062648
EOG722VZW	0.233333333333	471.739130435	840	46	high	37.4633847496848
EOG722W04	0.285185185185	524.4	810	40	medium	40.1223794496273
EOG722W0D	0.350912778905	210.219512195	493	41	high	36.3640190874989
EOG725R6H	0.255630630631	625.448275862	888	29	medium	40.5657251156101
EOG725R7S	0.207943925234	172.981132075	428	53	high	42.0848667239878
EOG728MFC	0.243032329989	640.725490196	897	51	high	40.0144043271782
EOG72CGP2	0.151101783841	842.773584906	953	53	high	44.7794881493547
EOG72CGP9	0.245398773006	435.12244898	652	49	high	44.6158918301974
EOG72GBWT	0.245974955277	593.528301887	1118	53	high	47.1031032193421
EOG72GBWX	0.268907563025	566.695652174	833	23	medium	39.1830576918267
EOG72GBX6	0.304276315789	514.594594595	608	37	medium	38.936080646587
EOG72GBXD	0.302120141343	406.3125	566	48	high	39.3644659397111
EOG72GBZC	0.213447171825	614.057692308	937	52	high	39.1533869025474
EOG72GBZH	0.187066974596	233.115384615	433	52	high	50.7054047823809
EOG72K756	0.207818930041	272.066666667	486	15	low	34.8377574015285
EOG72K758	0.303534303534	29.6862745098	481	51	high	47.341525933368
EOG72P3FR	0.314516129032	142.076923077	372	39	medium	37.503525112044
EOG72VTW2	0.184549356223	484.846153846	699	52	high	39.6911283498675
EOG72VTW3	0.194174757282	555.980392157	824	51	high	44.1205003289131
EOG72VTW8	0.292613636364	444.461538462	704	52	high	41.0715051730107
EOG72VTXC	0.189602446483	115.2	327	10	low	34.5318036531294
EOG732KC5	0.27397260274	495.557692308	876	52	high	38.3781708277998
EOG735FMD	0.209908735332	375.245283019	767	53	high	45.9797703230904
EOG7389T9	0.199312714777	581.823529412	1164	17	low	35.1631629544187
EOG7389W0	0.28373015873	102.773584906	504	53	high	37.5612644305789
EOG73C626	0.224431818182	463.921568627	704	51	high	43.6876579460708
EOG73C627	0.256551724138	181.528301887	725	53	high	43.5034180253602
EOG73G29S	0.266475644699	194.388888889	349	18	low	41.7064548332962
EOG73G2BN	0.235416666667	282.473684211	480	38	medium	39.6218183156982
EOG73NSSW	0.324265505985	606.596153846	919	52	high	38.4739511359701
EOG73RP29	0.274350649351	410.628571429	616	35	medium	47.4958047319428
EOG73VJ7X	0.18320610687	589	917	53	high	41.903701624943
EOG73VJ8G	0.249363867684	505.295454545	786	44	high	39.9910685407373
EOG73VJ94	0.256338028169	697.471698113	1065	53	high	40.1800814005867
EOG73ZDH4	0.281407035176	326.326530612	597	49	high	45.7838778248856
EOG73ZDH8	0.279588336192	305.230769231	583	52	high	43.8585936487436
EOG73ZDJG	0.290322580645	271.039215686	465	51	high	40.0543978173266
EOG73ZDJM	0.228813559322	171.788461538	354	52	high	48.2128838029073
EOG7454ZS	0.272300469484	816.75	1065	36	medium	42.1043536664354
EOG745507	0.269607843137	152.823529412	408	51	high	39.2133046506136
EOG74816P	0.19818799547	576.716981132	883	53	high	36.0958348238611
EOG748179	0.287037037037	326.411764706	432	51	high	40.6204936105277
EOG74BWG7	0.287081339713	384.411764706	627	51	high	37.4106934763652
EOG74BWG8	0.223506743738	322.821428571	519	28	medium	37.9532941147791
EOG74FRQ1	0.230529595016	379.632653061	642	49	high	39.0989123118328
EOG74FRQQ	0.267441860465	357.16	602	50	high	41.963200546872
EOG74JMZG	0.231017770598	387.305555556	619	36	medium	49.8164613874944
EOG74NH5G	0.272357723577	698.425531915	984	47	high	36.8578744196466
EOG74RCDN	0.275229357798	309.111111111	654	27	medium	38.8270502610608
EOG74RCGD	0.258893280632	256.134615385	506	52	high	45.1270582476801
EOG74V7P5	0.289215686275	221.869565217	408	46	high	41.2156963888319
EOG74V7Q9	0.23645320197	174.235294118	406	51	high	42.9305078528272
EOG74Z3W1	0.203324808184	656.916666667	782	48	high	44.4045662278791
EOG74Z3WH	0.235294117647	430.102040816	561	49	high	47.0724927296839
EOG74Z3WW	0.336347197107	334.093023256	553	43	high	42.5280639661454
EOG752044	0.323924731183	545.87755102	744	49	high	44.3734864789904
EOG75204R	0.312820512821	295.333333333	585	36	medium	38.5718358854049
EOG754VCT	0.319391634981	13.0769230769	263	52	high	50.384935888817
EOG757QMN	0.319430315361	626	983	52	high	43.5794200716419
EOG75BKV5	0.350958360872	916.113207547	1513	53	high	36.3943891550819
EOG75FG34	0.239185750636	224.192307692	393	52	high	42.5195067143211
EOG75FG45	0.266283524904	198.283018868	522	53	high	42.8991243354218
EOG75R2SV	0.241666666667	538.28125	840	32	medium	38.4449305290718
EOG75TZ1H	0.227441285538	582.188679245	809	53	high	45.3450955647508
EOG75XTB7	0.26288209607	733.925	1145	40	medium	43.8870182504403
EOG764JRP	0.293570219966	739.25	1182	44	high	48.1915104653771
EOG764JS1	0.223564954683	451.583333333	662	24	medium	37.6428060206706
EOG767F09	0.279352226721	323.318181818	494	44	high	36.850804722807
EOG767F12	0.277192982456	156.173076923	570	52	high	39.7281302516058
EOG76B975	0.218137254902	208.578947368	408	38	medium	40.7939349221935
EOG76F5G6	0.29207383279	609.734693878	921	49	high	38.6872055302665
EOG76F5GK	0.329501915709	304.181818182	522	33	medium	41.0603450728812
EOG76F5GW	0.347826086957	376.884615385	667	52	high	37.5249716507088
EOG76J1Q5	0.313953488372	495.423076923	774	26	medium	45.1108688305473
EOG76QS6H	0.286821705426	189.9	516	20	low	34.5054203346448
EOG76TNF4	0.303393213573	355.723404255	501	47	high	41.579287608027
EOG76TNF9	0.191228070175	346.509803922	570	51	high	41.1851567997139
EOG76XHP0	0.181378476421	506.36	827	25	medium	41.9869214020915
EOG76XHPK	0.354761904762	507.326530612	840	49	high	36.4846484544977
EOG771CWR	0.178251121076	636.628571429	892	35	medium	42.2167339783082
EOG771CX3	0.222780569514	410.113636364	597	44	high	37.606455138727
EOG7774D4	0.287758346582	365	629	53	high	43.3173235725329
EOG7774D6	0.233657858136	429.2	719	40	medium	43.8803768207619
EOG7774DK	0.286318758815	426.3	709	50	high	45.1802036157948
EOG7774F6	0.256809338521	280.14	514	50	high	35.785251748669
EOG77MMC2	0.249201277955	370.339622642	626	53	high	39.5760289666799
EOG77MMCC	0.27731092437	874.132075472	1071	53	high	39.7072182757939
EOG77MMCP	0.259259259259	176.596153846	432	52	high	40.0205639130775
EOG77QGKP	0.393048128342	504.607843137	748	51	high	37.9625980177156
EOG77QGKZ	0.254143646409	550.192307692	905	52	high	41.7860780503018
EOG77TBTQ	0.207818930041	281.780487805	486	41	high	37.858705143056
EOG77TBVF	0.221579961464	285.782608696	519	46	high	36.0166415824106
EOG77X736	0.26158445441	248.660377358	669	53	high	36.070333103921
EOG781392	0.25	308.916666667	408	36	medium	43.3123233709091
EOG78139D	0.292288557214	464.833333333	804	18	low	34.7607185454567
EOG78139H	0.286384976526	370.236842105	639	38	medium	39.1458628373695
EOG783ZK3	0.265873015873	318	756	41	high	36.2174560478598
EOG786TSN	0.281588447653	263.02	554	50	high	42.817230206323
EOG789Q0S	0.303225806452	390.177777778	775	45	high	38.8143447883074
EOG78DK9J	0.262019230769	164.509433962	416	53	high	43.0277471990997
EOG78HFHT	0.233009708738	111.634615385	309	52	high	36.9204609732324
EOG78HFJ5	0.221518987342	212.020408163	474	49	high	42.170968975858
EOG78Q605	0.27539503386	259.285714286	443	21	medium	39.0465355912064
EOG78T26J	0.251978891821	425.432432432	758	37	medium	42.4209699310612
EOG78WXG6	0.240396530359	559.716981132	807	53	high	44.7992788547973
EOG78WXGH	0.310195227766	204.057692308	461	52	high	43.7338416414254
EOG78WXGK	0.313802083333	444.923076923	768	52	high	36.1290335218875
EOG793NX9	0.21528525296	698.75	929	48	high	42.9130403039166
EOG793NZ5	0.204545454545	329.464285714	660	28	medium	34.7348970549006
EOG793NZR	0.383592017738	213.266666667	451	30	medium	36.9387028166846
EOG799DD6	0.302663438257	236.6	413	50	high	45.6250884150805
EOG799DFR	0.279816513761	17.4905660377	436	53	high	40.5445057563734
EOG799DG2	0.267326732673	99.6	404	50	high	40.4089504038496
EOG79D8NV	0.289272030651	274.805555556	522	36	medium	40.8708069815778
EOG79D8NW	0.225419664269	217.301886792	417	53	high	45.3077809806773
EOG79D8P6	0.287723785166	361.1	782	50	high	37.7905723661682
EOG79M144	0.261609907121	400.755102041	646	49	high	35.7880758001993
EOG79M150	0.276353276353	413.866666667	702	45	high	41.2945765388635
EOG79PWDF	0.34	149.466666667	450	45	high	38.6617756249902
EOG79SRKN	0.370503597122	793.358490566	1112	53	high	30.8625454788269
EOG79SRKR	0.217550274223	816.4	1094	45	high	38.1102060410805
EOG79WMV9	0.262222222222	402.5	675	48	high	39.2905857997199
EOG7B0H2W	0.230664857531	481.509433962	737	53	high	43.7085547128355
EOG7B0H36	0.372681281619	201.829268293	593	41	high	40.7947051503305
EOG7B3C9Z	0.344086021505	237.765957447	465	47	high	45.9932645233172
EOG7B93TG	0.294017094017	306.42	585	50	high	36.3384976754203
EOG7BKQH7	0.245913818722	880.921052632	1346	38	medium	47.7608613282711
EOG7BPKSP	0.257328990228	361.729166667	614	48	high	39.2484032285086
EOG7BPKSR	0.293333333333	245.5	450	52	high	42.6680833747996
EOG7BSG14	0.291139240506	250.301886792	474	53	high	45.8714420328656
EOG7BWB8X	0.243362831858	163.698113208	452	53	high	38.9188448336126
EOG7BWB90	0.175182481752	206.6	411	30	medium	40.6097261760004
EOG7C06G1	0.3046875	409.134615385	640	52	high	41.8665872583446
EOG7C06GB	0.322033898305	399.55	649	40	medium	39.3757956730426
EOG7C06GW	0.236203090508	252.921568627	453	51	high	37.1800845964176
EOG7C32Q7	0.326732673267	554.735849057	909	53	high	43.7027534675732
EOG7C32QJ	0.263318112633	396.48	657	50	high	39.1720305326374
EOG7C5XXR	0.225626740947	297.296296296	359	27	medium	42.3573061436206
EOG7C5XZ4	0.229545454545	617.339622642	880	53	high	46.2546699249836
EOG7C5XZ6	0.356127886323	564.384615385	1126	52	high	44.9815557602444
EOG7C8T73	0.188888888889	207	450	25	medium	36.7546580636442
EOG7C8T74	0.247549019608	191.954545455	408	44	high	38.9077132502899
EOG7C8T79	0.136815920398	241.075471698	402	53	high	46.6897962688677
EOG7CCPDK	0.174938974776	874.666666667	1229	51	high	37.6277149831222
EOG7CGJNV	0.305369127517	674.541666667	894	48	high	44.8236401797344
EOG7CGJPS	0.193426042984	424.096153846	791	52	high	50.4138985256418
EOG7CGJPV	0.157453936348	286.549019608	597	51	high	37.4964511229055
EOG7CS5D0	0.185351270553	437.28	669	25	medium	35.0005217841764
EOG7CW1N9	0.248971193416	653.7	972	30	medium	42.4976844839173
EOG7CZWV8	0.366666666667	644.703703704	960	27	medium	39.055531015261
EOG7CZWWT	0.293560606061	280.106382979	528	47	high	46.9550197085356
EOG7D5NB4	0.259782608696	652.754716981	920	53	high	37.3786566135354
EOG7D5NB5	0.222108495394	659.301886792	977	53	high	41.7979380582986
EOG7D5NB9	0.223198594025	329.860465116	569	43	high	43.2455798954574
EOG7D5NBB	0.24163969795	489.866666667	927	45	high	39.2171133747838
EOG7D5NBF	0.239884393064	115.176470588	346	51	high	40.5921356205133
EOG7D5NCM	0.141689373297	187.465116279	367	43	high	36.5082159322102
EOG7D8HK1	0.248741188318	613.339622642	993	53	high	40.3744612166457
EOG7D8HKS	0.211150652432	593.596153846	843	52	high	37.368500226825
EOG7DG82W	0.286377708978	448.037735849	646	53	high	34.4013341512736
EOG7DK494	0.251273344652	353.695652174	589	46	high	39.2659452466097
EOG7DK4B5	0.243421052632	295.301886792	608	53	high	35.9497484266652
EOG7DRVRT	0.272845953003	520.816326531	766	49	high	40.8158842201814
EOG7DRVSB	0.26597582038	317.933333333	579	45	high	40.5683635250922
EOG7DRVSD	0.252604166667	490.744680851	768	47	high	37.8772236510558
EOG7DRVT0	0.258426966292	219.470588235	445	51	high	49.4232110570854
EOG7DVR0W	0.297008547009	351.54	468	50	high	48.2372272128884
EOG7DVR0X	0.363636363636	501.830188679	759	53	high	42.929319242354
EOG7DZM7Q	0.20625	541.784313725	800	51	high	43.7334754782819
EOG7F2GGG	0.284153005464	481.105263158	732	38	medium	43.7563883468615
EOG7F2GGK	0.284450063211	381.577777778	791	45	high	38.4863493568687
EOG7F5BRC	0.280898876404	356.693877551	534	49	high	46.4027018673475
EOG7F5BRF	0.270758122744	260.480769231	554	52	high	39.3935318192857
EOG7F86ZG	0.304545454545	437.962264151	660	53	high	40.9220773127716
EOG7FC36S	0.202808112324	430.775	641	40	medium	39.1131722380517
EOG7FC372	0.264653641208	351.3	563	50	high	41.8458620884996
EOG7FFZGV	0.253687315634	171.096774194	339	31	medium	41.2674197286277
EOG7FNPWZ	0.234015345269	556.981132075	782	53	high	38.4009153017368
EOG7FNPXM	0.291111111111	253.142857143	450	49	high	44.1782543514127
EOG7FVFCZ	0.310492505353	226.34375	467	32	medium	47.0149073588687
EOG7FVFD6	0.366319444444	340.704545455	576	44	high	44.9481151060286
EOG7G25VV	0.226537216828	349	618	42	high	37.7555130266322
EOG7G25WG	0.323450134771	436.369565217	742	46	high	35.3558797216449
EOG7G25X0	0.332896461337	500.26	763	50	high	39.7823271556075
EOG7G25X1	0.422222222222	370.452830189	945	53	high	41.1984319852149
EOG7G5253	0.269411764706	610.974358974	850	39	medium	38.7247229557113
EOG7G7XCM	0.252358490566	514.31372549	848	51	high	46.5910810286444
EOG7GFNTW	0.263247863248	413.16	585	50	high	42.0731916874204
EOG7GFNTZ	0.239015817223	360.391304348	569	46	high	36.4537381692044
EOG7GFNV0	0.261984392419	617.777777778	897	27	medium	36.9562986061894
EOG7GFNVV	0.198717948718	202.9	312	30	medium	40.9394522077784
EOG7GFNWF	0.280952380952	218.830188679	420	53	high	45.2200204609486
EOG7GR8K3	0.207142857143	165	420	21	medium	39.8044997977995
EOG7GV4SM	0.19937694704	721.307692308	963	52	high	42.0598875127728
EOG7GV4SQ	0.344506517691	622.5	1074	46	high	45.5917403550951
EOG7GZ118	0.308598351001	530.846153846	849	39	medium	40.081641207936
EOG7H1W87	0.248095756257	581.595744681	919	47	high	42.8341205994562
EOG7H1W9B	0.0858143607706	387.79245283	571	53	high	47.7004400066155
EOG7H1W9G	0.229896907216	323.660377358	970	53	high	39.9233454779999
EOG7H4RJ0	0.264036418816	316.79245283	659	53	high	41.1987703341974
EOG7H4RJC	0.301255230126	195.773584906	478	53	high	37.6315563778688
EOG7HBGZV	0.326899879373	588.039215686	829	51	high	39.0788550514318
EOG7HBH04	0.446215139442	503.333333333	753	36	medium	50.5712168704848
EOG7HJ7FQ	0.482721382289	568.566037736	926	53	high	38.9777480286052
EOG7HJ7G0	0.236	517.35	750	40	medium	37.9295611278433
EOG7HN3PP	0.289146644573	669.115384615	1207	52	high	43.3107996635923
EOG7HN3PR	0.266315789474	589.729166667	950	48	high	45.9674182073159
EOG7HN3Q1	0.227960819234	722.953488372	1123	43	high	38.8528553722127
EOG7HN3QX	0.321513002364	395.603773585	846	53	high	36.533472191762
EOG7HQZXZ	0.241042345277	138.1	307	10	low	32.0343078075587
EOG7HQZZ9	0.135761589404	404.423076923	604	52	high	46.8106876632997
EOG7HQZZX	0.313323572474	392.075471698	683	53	high	37.5657872167952
EOG7HQZZZ	0.30035335689	277.375	566	48	high	37.1745407928151
EOG7HTV5G	0.363815142576	609.576923077	1017	52	high	37.1717989125213
EOG7HTV68	0.272151898734	350.568181818	474	44	high	38.7686988687536
EOG7HTV6J	0.293310463122	200.764705882	583	51	high	40.7895341110647
EOG7HXQDQ	0.282828282828	291.980769231	495	52	high	36.0554810019148
EOG7HXQF1	0.27604726101	518.79245283	931	53	high	42.1113257532602
EOG7J1KQH	0.251336898396	142.307692308	374	52	high	41.6872093756629
EOG7J4FWC	0.309446254072	183.888888889	307	36	medium	36.3090659514115
EOG7JB6CJ	0.283126787417	760.943396226	1049	53	high	41.7830002690413
EOG7JF2MN	0.324577861163	580.056603774	1066	53	high	37.111335594617
EOG7JF2MX	0.301960784314	416.76	765	50	high	45.8501356971228
EOG7JQPC7	0.229885057471	299.4375	522	16	low	36.5576739315752
EOG7JTJK2	0.362355953905	506.324324324	781	37	medium	37.1811940931331
EOG7JTJM6	0.220588235294	183.857142857	408	21	medium	36.2815280296948
EOG7JXDSV	0.215447154472	409.36	492	25	medium	44.2219167680112
EOG7K191N	0.273	674.692307692	1000	52	high	39.9047114416795
EOG7K191S	0.301418439716	618.558139535	846	43	high	37.7046614251026
EOG7K1920	0.345679012346	546.512195122	891	41	high	41.7127175928815
EOG7K192N	0.271895424837	494.244897959	765	49	high	39.7671376580114
EOG7K458J	0.322580645161	372.416666667	558	36	medium	40.1725515029885
EOG7K458R	0.347122302158	430.595744681	556	47	high	41.2983911008907
EOG7K4595	0.2004048583	664.75	988	48	high	40.4355747361256
EOG7K9WSC	0.283615819209	618.056603774	885	53	high	39.5321507913046
EOG7K9WT2	0.207547169811	219.230769231	424	52	high	37.6291797848977
EOG7KHN7Z	0.331695331695	582.76	814	50	high	39.4994822961746
EOG7KHN8M	0.28025477707	285.446808511	471	47	high	37.3623085441593
EOG7KHN9C	0.304347826087	93.320754717	368	53	high	40.7177744757743
EOG7KMHH5	0.338120104439	200.962264151	766	53	high	46.0254007988141
EOG7KQCQ9	0.285440613027	279.4	522	15	low	39.2241570028059
EOG7KQCRK	0.166666666667	200.02173913	294	46	high	45.9578315887412
EOG7KX46N	0.329501915709	699.230769231	1044	52	high	37.4880944294057
EOG7KX46W	0.318051575931	378.018867925	698	53	high	38.2384246831005
EOG7M10DZ	0.304239401496	517.4	802	50	high	46.8341018245524
EOG7M10G1	0.275	396.5	680	44	high	38.9819404515748
EOG7M3VP6	0.306742640076	777.490566038	1053	53	high	43.4986668537816
EOG7M3VPJ	0.273885350318	219.34375	471	32	medium	38.871859385082
EOG7M9M56	0.224137931034	520.74	754	50	high	40.0535163814335
EOG7M9M5K	0.295454545455	419.5625	792	48	high	36.8599479392719
EOG7MDGCR	0.215773809524	440.461538462	672	39	medium	37.4609750651908
EOG7MDGF1	0.282	254.094339623	500	53	high	39.4481953229965
EOG7MHBMV	0.256097560976	252.469387755	410	49	high	42.4959591336818
EOG7MM6VN	0.165845648604	336.315789474	609	19	low	38.9759225491743
EOG7MM6VW	0.430615164521	441.108695652	699	46	high	37.6279382549353
EOG7MM6X6	0.314285714286	250.823529412	420	51	high	40.5229166614789
EOG7MQ34S	0.153846153846	177.679245283	598	53	high	41.1968255578518
EOG7MQ34Z	0.207729468599	294.75	621	52	high	40.8384384629956
EOG7MQ35B	0.188118811881	141.346153846	303	52	high	42.3270352162742
EOG7MSZBJ	0.348275862069	755.75	1160	40	medium	44.2953553960552
EOG7MSZBM	0.275657336726	694.22	1179	50	high	39.6425140245438
EOG7N0PTX	0.241796200345	387.804878049	579	41	high	40.1359376127774
EOG7N0PVR	0.194899817851	224.725	549	40	medium	38.1548556318533
EOG7N3K2K	0.243944636678	366.2	578	40	medium	40.0424007836862
EOG7N6F9B	0.27508650519	411.392857143	578	28	medium	38.063638940189
EOG7N6F9C	0.330275229358	375.734693878	654	49	high	40.9658628553699
EOG7N6F9N	0.290429042904	212.37254902	606	51	high	46.9072793319325
EOG7N99J1	0.290476190476	232.428571429	420	42	high	48.5058037356781
EOG7N99KX	0.194630872483	247.98	447	50	high	40.5901238430536
EOG7ND5S8	0.261339092873	1160.31111111	1389	45	high	37.2109304139053
EOG7ND5TK	0.271844660194	108.205882353	309	34	medium	38.0937137160312
EOG7NH21B	0.21743810549	640.339622642	929	53	high	39.7983747649485
EOG7NH21G	0.226628895184	554.450980392	706	51	high	40.4884844856698
EOG7NH228	0.195744680851	274.777777778	470	27	medium	40.1175312023084
EOG7NKX7W	0.152427184466	778.641025641	1030	39	medium	41.3710522136053
EOG7NKX7X	0.200769230769	1070.60377358	1300	53	high	37.2722075272917
EOG7NKX8P	0.346549192364	435.942857143	681	35	medium	38.9450718669326
EOG7NSNQW	0.3	676.833333333	930	42	high	40.6826269739047
EOG7NSNR2	0.408207343413	294	926	51	high	38.4386518278052
EOG7NSNR6	0.341137123746	535.307692308	897	52	high	39.3368138720063
EOG7NSNS5	0.272727272727	391.0625	638	48	high	38.0335019575309
EOG7NWJ0T	0.289719626168	268.25	642	52	high	43.8581823043723
EOG7P0D70	0.187265917603	381.75	534	40	medium	37.1812756083859
EOG7P0D72	0.215025906736	532.4375	772	32	medium	38.2315198358106
EOG7P0D89	0.188118811881	126.057692308	303	52	high	44.329553445225
EOG7P38FV	0.218702865762	383.320754717	663	53	high	36.6342512064503
EOG7P64QZ	0.234096692112	203.867924528	393	53	high	39.6067164645188
EOG7P64R0	0.30081300813	362.529411765	615	51	high	38.5811583475539
EOG7P90XK	0.238475177305	742.866666667	1128	45	high	42.4827548447245
EOG7PGRFC	0.255516840883	503.916666667	861	48	high	35.8675958640485
EOG7PKMPN	0.232323232323	232.038461538	495	52	high	37.7626206763024
EOG7PSC5S	0.282	273.865384615	500	52	high	42.1384810015591
EOG7PW7C7	0.216216216216	488.5	777	48	high	38.3372677220792
EOG7PW7C8	0.206783369803	428.403846154	914	52	high	39.9822093505047
EOG7PW7CW	0.231939163498	460.815789474	789	38	medium	40.2716649482052
EOG7Q03KZ	0.407528641571	852.097560976	1222	41	high	39.4265910923594
EOG7Q03MB	0.264525993884	327.755555556	654	45	high	38.6774167908016
EOG7Q2ZVN	0.321375186846	279.84	669	50	high	38.8867671607236
EOG7Q2ZWV	0.299035369775	4.8	311	50	high	39.734003013941
EOG7Q8QBB	0.29802955665	195	406	46	high	37.3770125385878
EOG7Q8QBP	0.248484848485	313.176470588	495	51	high	40.6811664884506
EOG7QGFTC	0.207612456747	523.975	867	40	medium	37.5269098530947
EOG7QKB1G	0.334710743802	614.113207547	1210	53	high	46.157753428919
EOG7QKB1W	0.265580057526	648.038461538	1043	52	high	39.1714742543469
EOG7QKB26	0.24	411.58490566	725	53	high	38.8209681925957
EOG7QKB2M	0.229260935143	529.19047619	663	42	high	37.8989207338277
EOG7QKB2P	0.285204991087	281.857142857	561	49	high	40.9561270145227
EOG7QS2HK	0.20045045045	671.058823529	888	51	high	38.9718586076728
EOG7QS2JT	0.219557195572	291.229166667	542	48	high	41.6561742023749
EOG7R2P79	0.247191011236	358.171428571	623	35	medium	41.3518913221065
EOG7R2P7Z	0.237623762376	613.788461538	909	52	high	42.143817756443
EOG7R2P8R	0.249152542373	368.384615385	590	52	high	43.0291945385133
EOG7R5JHN	0.30701754386	173.086956522	342	23	medium	38.6357357830417
EOG7RC8Z2	0.217248908297	669.6875	916	48	high	44.3071527904958
EOG7RC8Z6	0.20701754386	413.052631579	570	19	low	35.9479781224231
EOG7RC8ZM	0.141252006421	429.807692308	623	52	high	41.6214104781976
EOG7RG565	0.403846153846	659.244444444	988	45	high	36.1087268234304
EOG7RK1F3	0.145719489982	354.295454545	549	44	high	46.8053836640245
EOG7RVN51	0.342490842491	417.183673469	546	49	high	36.1299415587584
EOG7RVN6B	0.283333333333	144.452830189	480	53	high	42.1810688067569
EOG7RZHCQ	0.235780765253	650.528301887	967	53	high	38.041836065189
EOG7RZHCW	0.251243781095	178.352941176	402	51	high	42.8244944436641
EOG7RZHDZ	0.247641509434	220.660377358	424	53	high	45.6398366216918
EOG7S2CP9	0.285333333333	190.935483871	375	31	medium	36.7586415050701
EOG7S57VH	0.337595907928	564.510204082	782	49	high	42.7036374321198
EOG7S57XP	0.363636363636	113.157894737	330	38	medium	37.228786029338
EOG7S843G	0.280429594272	539.153846154	838	39	medium	45.9470282202817
EOG7S8443	0.25	492.176470588	668	51	high	43.0626036761251
EOG7S8447	0.308108108108	333.827586207	555	29	medium	39.0244339342979
EOG7SC0BB	0.276859504132	481.170731707	726	41	high	46.0043285244269
EOG7SC0BH	0.255895196507	742.613636364	1145	44	high	42.2273613782073
EOG7SFVM7	0.345771144279	532.8	804	45	high	37.4742657332601
EOG7SFVMD	0.371604938272	457.647058824	810	51	high	47.0797017422719
EOG7SJQTG	0.225505443235	359.612903226	643	31	medium	40.7151161304502
EOG7SNM35	0.154471544715	205.764705882	369	34	medium	33.1899002552397
EOG7SRG94	0.278716216216	379.185185185	592	27	medium	45.6766830348506
EOG7SRG99	0.290132547865	303.226415094	679	53	high	36.7306662358886
EOG7SRG9H	0.189024390244	300.825	492	40	medium	39.901059795095
EOG7SVBHW	0.26917057903	370.384615385	639	52	high	41.7027323169525
EOG7SVBJ0	0.352557127312	576.975609756	919	41	high	42.6652825422822
EOG7SVBJ2	0.273530941238	1326.9245283	1923	53	high	38.5995439585489
EOG7SVBJ9	0.22633744856	311.234042553	486	47	high	36.4994430141114
EOG7SVBJR	0.297270955166	645.18	1026	50	high	41.527450219325
EOG7T2311	0.260355029586	304.9375	507	48	high	39.379240447403
EOG7T4Z7S	0.326241134752	496.93877551	705	49	high	37.0923412715714
EOG7T4Z8D	0.373737373737	103.102040816	297	49	high	42.8480569724565
EOG7T7TGX	0.374269005848	988.823529412	1368	51	high	35.3487940778261
EOG7T7THG	0.2100456621	421.807692308	657	52	high	33.52315776408
EOG7TBPQM	0.294736842105	606.804347826	855	46	high	39.3716175328228
EOG7TBPQV	0.260672116258	825.612244898	1101	49	high	39.2680111133905
EOG7TBPS5	0.266666666667	349.867924528	600	53	high	40.265342612121
EOG7TJF6F	0.2890625	207.176470588	384	17	low	39.7762318960904
EOG7TJF82	0.326335877863	92.9807692308	524	52	high	38.1224600177567
EOG7TN9G3	0.300403225806	279.433962264	496	53	high	41.9682673174052
EOG7TN9H3	0.223570190641	284.622641509	577	53	high	42.6966588187908
EOG7TV1XJ	0.280056577086	451.307692308	707	52	high	45.4392033632088
EOG7TV1Z7	0.292870905588	620.9	1038	40	medium	37.9112390892269
EOG7TXX57	0.339890710383	572.795454545	915	44	high	39.871941654362
EOG7TXX5G	0.364553314121	939.20754717	1388	53	high	35.3809929522526
EOG7TXX5R	0.28418230563	776.547169811	1119	53	high	38.2400712274539
EOG7TXX70	0.32	172.057692308	225	52	high	40.8394333123792
EOG7V1SDK	0.243197278912	319.96875	588	32	medium	39.3466213206271
EOG7VBD4D	0.203098106713	367	581	53	high	49.9863645512849
EOG7VBD51	0.198170731707	722.551020408	984	49	high	45.9164665948157
EOG7VBD5H	0.197026022305	160.64	538	50	high	43.4302004644238
EOG7VF8CZ	0.280467445743	333.588235294	599	51	high	43.7633758144101
EOG7VN0TR	0.297385620915	357.888888889	918	27	medium	41.9109324544538
EOG7VN0W5	0.295281582953	187.557692308	657	52	high	41.0196839160909
EOG7VQW2J	0.266953713671	505.018867925	929	53	high	38.3964724582651
EOG7VQW3T	0.324090121317	81.3396226415	577	53	high	40.0783946718291
EOG7VXMJW	0.208768267223	342.395833333	479	48	high	42.0232464934723
EOG7W4C2V	0.19298245614	572.5	798	50	high	40.912980838425
EOG7W4C2Z	0.35393258427	138.905660377	356	53	high	40.8418374063985
EOG7W778R	0.250391236307	448.215686275	639	51	high	44.1252373725398
EOG7W7797	0.239898989899	181.725	396	40	medium	34.4927134131386
EOG7WDZRW	0.319672131148	412.276595745	610	47	high	39.1216680047133
EOG7WQKG3	0.282258064516	477.318181818	620	44	high	47.5536314623184
EOG7WQKH2	0.278065630397	385.666666667	579	45	high	39.0356079832812
EOG7WQKH3	0.203571428571	326.653846154	560	52	high	39.8383786019531
EOG7WTFPV	0.164642375169	473.770833333	741	48	high	37.732910444365
EOG7WX9XW	0.260787992495	923.3	1599	40	medium	43.6103575270051
EOG7WX9Z2	0.255255255255	734.725490196	999	51	high	42.4065809513261
EOG7WX9Z5	0.280662983425	559.188679245	905	53	high	43.5425993925781
EOG7WX9Z9	0.236	513.078431373	750	51	high	39.1965015173379
EOG7X42F3	0.359342915811	623.264150943	974	53	high	39.343249479956
EOG7X6XP4	0.215053763441	317.88	558	25	medium	40.1838885142253
EOG7X6XPZ	0.424511545293	358.55	563	40	medium	38.2179950430393
EOG7X9SXM	0.325242718447	334.245283019	618	53	high	43.921439444007
EOG7X9SXX	0.216894977169	202.173913043	438	23	medium	37.3374707653198
EOG7XDP4V	0.332233223322	586.054054054	909	37	medium	37.8047700222399
EOG7XDP50	0.382926829268	411.641025641	820	39	medium	36.3101133197577
EOG7XDP61	0.296066252588	287.326086957	483	46	high	42.8637419150997
EOG7XHJF9	0.343680709534	72	451	52	high	42.7390792535254
EOG7XMDMX	0.211491442543	502.283018868	818	53	high	40.5240848948352
EOG7XMDN1	0.241712707182	409.339622642	724	53	high	37.0473710535898
EOG7XT54C	0.318604651163	210.509433962	430	53	high	48.2050751758693
EOG7XX1C1	0.243386243386	320.7	567	50	high	42.1792388652187
EOG7XX1C9	0.269230769231	351.320754717	572	53	high	42.0457749742712
EOG7Z3RT1	0.191869918699	390.446808511	615	47	high	40.4613290223613
EOG7Z3RVJ	0.277213352685	454.461538462	689	52	high	36.5125778519825
EOG7Z6N2T	0.263504611331	330.48	759	50	high	38.0254165241614
EOG7ZDCHW	0.266441821248	350.865384615	593	52	high	39.4363414604389
EOG7ZDCJ7	0.23192555476	741.16	1397	50	high	37.2582131210631
EOG7ZDCJ8	0.213627992634	281.571428571	543	14	low	37.3511883871219
EOG7ZDCJG	0.237623762376	700.034482759	909	29	medium	34.660920314478
EOG7ZH7RR	0.258875739645	443.239130435	676	46	high	36.3358870464712
EOG7ZH7S7	0.246543778802	332.346153846	868	52	high	42.8029997198166
EOG7ZH7T2	0.254985754986	363.75	702	52	high	40.2467429763552
EOG7ZM40R	0.333333333333	418.255319149	606	47	high	42.7994153359574
EOG7ZM419	0.286721504113	329.566037736	851	53	high	41.807549533927
EOG7ZQ07K	0.430921052632	796.745098039	1520	51	high	43.1444946738455
EOG7ZSVH0	0.274478330658	484.609756098	623	41	high	33.5512607688582
EOG7ZWQQK	0.242331288344	469.459459459	652	37	medium	37.7839408125368
EOG7ZWQS3	0.330749354005	233.727272727	387	11	low	35.3755129734289
